0.21   42285.00
0.51   42363.00
0.37   42443.00
0.16   42523.00
0.23   42603.00
0.05   42683.00
0.00   42763.00
0.13   42843.00
9.66   42921.00
59.53   43001.00
112.92   43081.00
138.97   43161.00
159.17   43241.00
176.68   43321.00
190.49   43401.00
204.85   43480.00
225.20   43559.00
239.83   43639.00
251.13   43719.00
251.67   43799.00
247.05   43879.00
245.61   43959.00
242.24   44038.00
228.83   44118.00
190.06   44197.00
155.03   44277.00
133.62   44357.00
104.87   44437.00
75.95   44517.00
56.00   44596.00
38.73   44676.00
28.60   44755.00
23.94   44835.00
20.53   44915.00
17.42   44995.00
16.41   45074.00
16.42   45154.00
13.29   45234.00
12.40   45314.00
12.04   45393.00
11.74   45473.00
11.71   45553.00
11.51   45632.00
11.09   45712.00
10.98   45792.00
10.96   45872.00
11.10   45952.00
10.84   46031.00